999999999999999999999999999999999999999999999999999999999999999999999999999999999999999999999999999999
901987654567934987656678998954323234598954578998867898767986567678901989893239976543212965432198765459
999976543456899876543459987895910145987843457987656789659875434599219879789198765432109896949987654329
978985432545689988756578956799891259876532369896545679345976545678998768698999898743499789898996543219
969876541234578999867678945789789398765431258789434789456988759989549457567899999654987698767899654329
956987430165689967998789234894678949854320145678965678967899898998932345456789998769876587656798965459
949876521237897856569994346793799939996546234789988789988945987987891012345678939898765434345987899569
956995432348976543489896457892349898989654346789699899999439876565789923457789323987654321259876798979
969889943459987432199789568901998787878965459895432969876598765484678894767993214599895210198765656899
998777894578987543987678979219868676967896598976543456997699874343456789878964301249876321298654345789
987656789989897669876578895498754565456989987897654567989789643212345893989899457867987476349875212899
998549895496799978965456789569843212349879876789789679879898765443456912398788968978998765456986424569
945434799345988899876568997679932101299768765789998999768999876564577893989697979299569876567896537679
932125678959976789987679549798763432987654654567897987656789997875788999876546892123499997878987698789
921014899598765467898789632987654549876543323478956799547894498986789998765435789239987798989498999899
952323989499886789969898764598765678987651012589545698756943219999899987654323898998995699991369898999
943654578987997893456999899699876989698762323495434569878932109877969898765454567897894987989456797899
954765679976798932345679998989987892469874534589547678989544298965658799876587678996989975878967986789
976778789865459901234567987878998999598765765678956899898965397654345678987678789785878954567898987899
997889898764378892356789896659439998999876898789867898767976989543234599198999896564767943478999898999
998998989843239789567898765438923987887987999899878987659899879932123689299785976423456892567896789999
989547678954345678998999987647919896986898989932999876549798767894234899987654598312348901357945997889
976434567895456799659998797656998785875789878893498765434569856789345678976543459423567892368939876569
965323456976567999745987698767897654324569766789999874323498745678957799298912598434579943479929965469
978212345898698998659878559898998776435678945679898765454987659799999989129893987645678965989897654359
987301234789789989998765434969219899546789236798769876565698798989987878998789898756789996797799769469
976325645678999879899875429654301987656789345987654988976789987879996567987676789767999987895678998979
965434567789249768789998598796412499867897457898793299987893986767895459876545678978978998954569876799
987845698999998659698987679987523568978976598999989109898912995456789398765435989989567889943298765459
998959899689876548567898789975434979989987699899978998789899876345893239876587899996456767893109842349
939767976598767636456789899876546893294398789789867987676798765456789199987698978965345456989298921239
910978954329854321345893923989987894689209898698759876545679986567899989999899467894214345679997992349
999899769439867410145892012997698998789399977569645995434567897678998978954912345792101234798786789659
989768998946978321236789129876549999898989765499434989565678998789897566792103456789212348997645699869
978657887897989472345678998985434989987579976987129878976789359898754375989212347894323456799659989979
967545676798999863496789987893123878986467899876298769997895239987653244568923456789934567989798978989
954332265989987654989899876541014569875349901965349656998984398998542123457894567899895679878997867999
963210124567899776978999987632123598943234919877498549899865987987673012456999879965789798767376556889
987432337678978989867889876549234987654367899989986438789979876798732123468989989654568999654214346679
976543446899766797656478997898995698765456789899874323678989645976543434579879998765678998765101234589
997656567972345987546367989987689999879569899754965414569998967898764567896568909876889549876732345679
939987898961259876531254578976578899998678998769874323467897898939878678923456919987896434987543457789
921398999654345987610123467895476789999789999899986464568956789321989789012567898699954325699654567899
932349998965456998321334878901345678989999899999986575679545678910199892123456789987893212798795978929
943499897899569865432345899992956799678998789998998776795434567894245999354567999976789323899989899219
956988786778979876543456795789899896567987678987899887965323456789359898965679899875678934567979789909
969876645767899987684587894566796945476987563476789999765434567895499787898798798764567895679865677899
998765734658789698776698932345695432345997432365678999877545678986987656789899659853479789798754556999
999954324545679439887899321236789401239876521254569987987658789299876545678998543242365678999542347899
998762101234789523998953210347894324589987610123479976598769892123985434589987432101234789998631359939
999763232345895434569765321658965734679898721236567897459899921019874321349996563212545678998745478949
987654345456976545698765438769979875698765433345678954345988932129765430158997664353676789987656567959
998765498767897676999876569878989989789876545456989543234567893439887548767898995498789894398787678969
979896899898929887899987678989897993998988756987897654545678954545997659898999987567894933239899789979
967987989929210998998998789399765432987699897899998765656789965659998789999896598778963210124989897899
956398979210921259987899891239876549976545998998789997769897898798979899998789439889654321335678976799
943249568999892349896989910199998698765434679997696789978976899987865969887678921998767495456899345999
932123456789789459765678921989898789854323559887565698989875699866534459776567920129878987678954239899
974256569895679598654567899876789898763212349785434587899994987953412398654456891235989898889765198789
964345678943598987643456789965679987654323498654523456789995696532101987643245792359996799999879987679
975876789212397998432397899654568998795456987543212367899989987544212398732134679498945989923998654569
976799892101986789543789998765678969876567998752101238989878999865323499865016789987899877899109995979
987898943219875678965678949876899346987678919843212349876767899976534987954137899876798766698929889899
998987659398764587896989321987943239898989323954324498965456789197645696543298998765679954587998766789
999698798969543456989995459898993198799095439865434987654367891019756798854349987874569843456897655669
998529987654232347678979998789589097689196559876565698965178999198767899765456896543498764568978434459
986434899876101234569768789543478987545989967997896789876989788929878939876567897432569986678965321349
997595798975212345678956678932367898434567898999987899987897687912989321997878954341234987789654310129
998989987654323476889434567890456789323456899876798959898945456793793210198999873210123698998765594239
939876799865434587994323678921278994312567998995629239769432345794598321239998765431434569989976789349
929765656986545678965214567932989865623458987643210198954321234789987632367899886542345878964987895459
939874345987676999879323678954599978784879898976323987893210145679876544457897998956789999893498998569
998975234598787892998934567895689989895689769895439876769321245689987656767976589767993456789969987679
997884123459898901987895698998789999976798958789549765458932386791098777878965479898912498999854598789
986543012345999219876989789769892878987997547678959854377895487892989988989954356959101989998753349899
975432123456789998765678997656901767999876434567969843256789567899876699597893249543212978996542198959
986543234567999879876989998543212456789983213456898754347897678932995423456989198954399867989431097649
997654365678999765987898987674333669899862101236789865468998789549987534579879987895987659878932998439
998875676799798654298967898765494567999653212345679878978999999998987645699767876799996545767899876599
959987897895679785399656569976989678998764323476789989999989998897898756987654365678976432358954998789
945698998976799876987543456989878989769875436567899897897679987756789869876543234569877321467893989899
934789109989988989876532347899967898954986547778987656789569876545899978988432123698765452568932278909
912456998998767999998655456789654567893297698999999545995498765434599989987641012369879843457891067919
901349876547657789989866769898943456789198799321987659889597654324678999876543233456998756568954158999
919498965632445699876987898997892369899989895432498997678986543213489767987656347897899867678943239789
998987654321234569765398997886789498999978976943459876589899654424593458998765456789909878989654345699
987698765510123458954239876575698987898768989854598765456798786437694567999898767899912989298767757789
998549987432565667891098765434697976789657899765699876355899897679789879989999978998733492129978898999
987659876543456898992197654323986545678946789896989653234899998789899998766699989987645691098989989129
998967989654567899789976545214497656789325678989878943138788939899998999445589994399756789987899871019
989878999865679945679987432101398789895434589878769953054567945998787994323479943219869899876789765329
976989998978795434568997653232349892976545698767657892123467897987656789012367894329878998785678999459
945699987989894323457998764365458910197657987654349943234578998996545678923456789498999297654569878969
934459896596999212346899865456567891298798998965498959356689559987434567934567899987799109793459856799
912398765465598923456791979689878999989899989878987898967999432986545679765679999876678998989598745679
905459896323467894677892398799999998976989976989876767898998993987656789876998989765489987875987657899
913567975212489995789976599899012987665677995499765456899887989999899892989897678954399876564698767899
929879854323456789899987679978929876554566789987654346798786978899967991098786587896987654323459878949
935679767654567899989998798767898868443445679898783235987645669789456789987543456789998753212346989439
945689878765678938678949987654987654321234798779454124598434345692368998765432345679999864101267891019
967899989896789123569139876543298743210146987654321015689320124893457899976541234567899943234348932139
999999999999999999999999999999999999999999999999999999999999999999999999999999999999999999999999999999
